100
6 1 1000000000000000
1 1 1 1 0 100 0
6 1 -100
1 1 1 1 0 100 0
147691 5231 1000000000000000
881642980 821640194 994081730 111795833 586627052 592157187 0
65470 33011 792937988019052
947655210 958976925 641324326 516664107 422943232 966473813 0
43425 27022 893376883543285
794789289 363333362 550176771 129313164 903184686 413738823 0
389191 110695 286732938145335
640774417 279036734 877743827 535185776 371090058 705463694 0
9973 6868 591832491690844
359353110 12790758 318397953 561722863 716941041 211253167 0
328609 269362 735327010738003
351993335 816532893 884736451 322749162 234152017 380662747 0
188332 58511 -259224612564786
785805851 10462349 570447494 585401527 148727685 284606355 0
412384 211569 -847339215096537
893563075 174149561 773662727 658217155 227375636 758645449 0
268662 204962 454440498107285
845172091 845208592 361213534 695618667 571902074 246204518 0
239121 84822 -753115277939238
753097262 701358906 376891501 22312121 792742214 878629271 0
500000 500000 1000000000000000
925629206 101894594 403887498 44699621 675376950 124300193 0
212233 96596 494803508385726
361144883 861610440 256858491 242288294 190502566 769319891 0
500000 0 1000000000000000
1 1 0 1 0 1000000000 0
500000 500000 1000000000000000
999999999 999999999 0 0 999999999 1000000000 0
140794 5433 296114441371543
997623844 854129323 828709985 868457423 686845403 996413853 0
500000 436334 1000000000000000
664211571 669433915 560437409 27647654 803473120 810582687 0
291308 257384 834709015998522
222478550 211979542 88719122 572393043 584360934 510489665 0
372452 372452 -325396469905623
277031903 922182403 787909850 41741116 504827726 754016445 0
347313 0 -137175026781999
510038687 510038687 0 0 510038687 1000000000 0
389695 389695 1000000000000000
729576570 114592430 849546735 116831836 305425840 275839999 0
158623 118199 57678941114260
349390217 575397565 219501831 642703770 107756977 807310513 0
56064 24627 -521080602425044
141506813 384511858 501269565 452470597 389291510 783842979 0
85925 48991 184091381022801
114190493 907632551 60458502 257887624 514416015 648209985 0
182015 83493 938390101764522
4552177 950401742 269224571 953639518 910606536 407708585 0
52389 41532 -786908829694291
451881859 651398748 36780426 844133473 10954902 960632639 0
500000 50322 806416113459455
482132669 179928104 455990087 191189808 596546804 946994945 0
46671 4040 833760280649452
779920955 675608569 539303019 958721652 49405094 565357237 0
500000 27470 327792650794479
429308090 992596086 760810305 447137728 164604899 350532935 0
187442 41902 187187629167487
522815886 117864607 444397393 589650521 967893314 276046687 0
151675 101764 493827447201917
630583926 913822878 9731310 714520435 828959501 288187297 0
500000 500000 -656093380484331
184335301 731296522 199222870 310796808 532568809 971032439 0
169976 97173 -83804552548242
786395715 42805730 387860180 235167504 141210864 463294269 0
372452 52246 1000000000000000
604739505 100635726 524194460 458923788 831726620 285074291 0
354015 113293 412487254709553
541895394 451658620 232952327 773378575 707260801 435371827 0
358224 258447 -513452609944048
611761119 171031729 341430247 770199556 155609736 970590821 0
372452 159575 637942028227937
458770863 311286945 619703231 457645762 350247341 462311059 0
187442 187442 -704704728352026
662325859 236127847 68602060 217080344 907279374 752840979 0
2 1 1000000000000000
1 1 0 0 0 1000000000 0
500000 119188 4769641
8 3 572928525 672653980 602285118 11 0
500000 272456 889890357728022
627057403 670568085 448749792 267250073 693238388 978361923 0
492254 492254 1000000000000000
55252484 784620424 872870537 319170018 463454399 453292963 0
237265 151244 892300089742605
758653385 748483641 276399156 149670386 993024811 285994201 0
450953 185234 837042129011723
166793504 388805634 50967157 234512482 404637918 850259813 0
399614 0 223882556704976
180815375 180815375 0 0 180815375 1000000000 0
500000 500000 1000000000000000
0 0 0 0 0 1000000000 0
352510 1702 -633178582364775
248982393 874593182 487081660 896684223 57911089 81291185 0
477763 402874 -382817115679422
280489296 322933788 211517706 842709785 703125234 703500023 0
471927 418898 869309401214921
15485559 903334227 334600881 313683332 680779265 799495685 0
273582 152157 -665281664057580
673456688 997166365 435927847 711887724 430692457 977844612 0
500000 3271 800095
6 9 308848981 698027133 715608867 11 0
405624 2092 -389843033559463
342101991 348685276 867085659 337107654 511746596 85202881 0
187442 33547 1000000000000000
222460904 203660870 907500955 184398301 131172917 113185007 0
500000 125000 125000
1 0 0 1 0 2 0
14474 2190 -948459335131598
619325077 222745503 504647641 132111791 931806473 127703259 0
316288 310249 -597300427214624
305797746 933533847 214072788 903500784 814546218 317383573 0
500000 255018 1833605
7 1 340571065 199349003 40171613 11 0
500000 183102 -734698293766573
447347 676705301 89011945 250887808 464270096 255658767 0
500000 248140 1000000000000000
31972116 923377405 254718089 614572014 456681656 490477279 0
500000 0 -704081806228660
595639625 595639625 0 0 595639625 1000000000 0
500000 500000 1000000000000000
516907635 776977542 726602210 981964093 555585895 626448155 0
500000 41727 1025106
8 4 210999118 370101694 148973070 11 0
101007 78923 753627445889631
162371515 719914940 816151432 870309532 975777029 982686179 0
432187 391408 789178238479471
554236820 312593172 448149688 681779268 694447311 183193741 0
28561 26192 548248867072799
421815309 323361477 2779551 928769506 650678266 475470171 0
500000 500000 -245720413369502
345985479 358303371 501550073 576593230 347302019 115596793 0
500000 0 -709579906642768
396223877 396223877 0 0 396223877 1000000000 0
500000 500000 -784994498967197
564974082 328051143 790774996 919247041 948136634 42469759 0
2 0 1000000000000000
1 1 0 0 0 1000000000 0
500000 0 -785580451968206
292949755 292949755 0 0 292949755 1000000000 0
367450 0 858771506018480
338582193 338582193 0 0 338582193 1000000000 0
500000 388765 1000000000000000
658596184 30187455 600567069 679439130 388441607 724446745 0
500000 456235 3712705
1 2 859510160 687926319 621406160 11 0
182015 161203 1000000000000000
323981608 94583770 363576718 770495400 732739029 740174507 0
51964 0 -402619812205456
189891931 189891931 0 0 189891931 1000000000 0
14488 8632 -731634943235151
853485035 243727743 146107553 811017693 324181563 740587523 0
65595 50014 -838899821565775
11119624 61374769 801583825 838683446 286721871 742439439 0
500000 79954 4158380
10 6 140927474 976282662 313236274 11 0
348091 265625 230516369228432
275923489 731008668 765471885 672857056 592721509 477415637 0
500000 291707 1000000000000000
469631222 889886028 400816091 354647921 786346783 323271447 0
212515 89011 508741760643356
315670870 492671497 76516668 830836943 340210543 860784985 0
147691 147691 361397919583735
215214745 774792849 870777774 142967269 754857138 143335159 0
147691 98254 -228760792328735
370545509 194654964 383832650 507697971 337623241 613244099 0
411701 235457 -4733162246493
893035651 121572588 826617562 698433323 576780091 157558927 0
442258 165336 741904631570242
298260031 431057222 746495185 866611492 803846380 213381519 0
268420 115104 -202260231941108
465807801 842158031 974923353 799341004 503910236 322413679 0
500000 500000 126896686031445
613760580 763009088 797269621 942526284 648153727 163818145 0
435961 435961 1000000000000000
336863554 846333976 233453241 90107378 923162712 895810967 0
2 2 1000000000000000
1 1 0 0 0 1000000000 0
255258 255258 1000000000000000
586435728 679861611 273614669 651313823 135379005 636375895 0
104384 79091 -198305469222628
801405998 198711234 118055048 285019820 453457126 611338065 0
182015 182015 848468651031398
839255415 736624796 429399642 427361641 631461594 722862221 0
500000 427847 4578480
1 0 545710121 434564435 570933557 11 0
500000 500000 1000000000000000
943981759 998271264 765709161 202104497 504715325 348677219 0
500000 0 -672420703015943
897414137 897414137 0 0 897414137 1000000000 0
500000 455611 3858723
1 3 12755566 593745123 952272850 11 0
396603 189256 688892813497854
97111732 437360117 659711172 414384227 994063582 547355955 0
449088 61895 -447874251100091
489334219 536164581 939247238 551216691 366434920 64579657 0
500000 500000 1000000000000000
918719821 754451916 51017243 617629184 696205583 176171179 0
